!felix
1.01329e-05 -9.22002e-06 1.42245e-05 9.77066e-06 2.8472e-06 -5.62508e-06 3.7166e-06 -9.07896e-06 8.43218e-06 -1.00356e-05 -4.52896e-06 -1.15848e-05 -3.64177e-06 3.69125e-06 -5.02271e-06 -5.53542e-06 -9.67004e-06 -2.90898e-06 -4.26681e-06 9.93156e-06 8.68633e-06 1.06638e-05 1.195e-05 2.90679e-06 6.41025e-06 3.18502e-06 9.82418e-09 -8.38555e-06 -8.39508e-06 -6.32695e-06 1.05104e-05 1.06878e-05 3.80222e-06 1.48389e-05 1.12399e-05 -1.03129e-05 -1.49995e-05 -8.26683e-06 -1.07528e-05 -1.00501e-05 -1.3381e-05 3.12243e-06 
-3.35276e-06 -9.44133e-06 -1.23585e-05 -1.93554e-05 -1.77945e-05 -1.55376e-05 1.9627e-06 -1.10647e-05 -1.49948e-06 -5.52215e-06 1.16142e-05 5.4014e-06 2.56016e-07 5.13276e-06 -3.85574e-06 9.14592e-06 -3.41751e-06 -7.26641e-06 -1.53058e-05 4.04343e-06 1.0688e-05 1.01813e-05 1.48912e-05 4.97145e-07 7.59822e-06 4.31159e-06 8.50482e-07 -2.00684e-06 4.6066e-07 -7.483e-06 1.40276e-05 1.3998e-05 6.31034e-06 5.91359e-06 1.2327e-06 -2.16768e-06 -1.87133e-05 -1.49101e-05 -8.6957e-06 -1.19148e-05 -2.02424e-05 -7.56091e-07 
-8.59775e-06 2.95583e-05 7.94107e-06 -2.01695e-06 9.32771e-06 -7.87731e-07 -1.12538e-06 1.44872e-06 -2.03311e-07 2.75966e-06 -1.66353e-06 -2.32401e-06 -2.81965e-06 -4.40913e-07 2.96548e-06 -7.69747e-07 -2.56483e-07 1.93169e-06 -2.38088e-06 3.12389e-06 3.6701e-06 1.17866e-06 1.5178e-06 9.61011e-07 2.34196e-06 3.44677e-06 -3.03591e-08 4.37331e-07 3.38674e-06 6.1864e-07 -2.21228e-06 1.18653e-06 -3.70914e-07 3.86859e-06 2.18624e-06 4.1658e-06 -2.94767e-07 -1.96649e-06 2.12442e-06 -9.39572e-07 -3.8734e-07 2.28519e-06 
-6.21331e-06 1.20979e-05 -2.05043e-06 -2.12605e-05 -1.69233e-05 -1.36699e-05 -6.65838e-07 -4.45289e-06 -4.94301e-06 -2.16205e-06 2.49611e-06 2.24609e-06 -3.06525e-06 -3.13987e-06 3.4416e-07 -1.38636e-06 -3.93036e-06 3.38505e-06 -1.61173e-05 7.02592e-06 8.95778e-06 1.25945e-05 8.41293e-06 5.10475e-06 7.16108e-06 4.53211e-06 -6.55813e-07 -5.19071e-06 -8.41318e-06 -7.4377e-06 4.15659e-06 1.24807e-05 -3.44792e-06 1.53813e-05 8.43918e-06 -1.44927e-05 -1.68068e-05 -1.60463e-06 -1.43125e-05 -3.89782e-06 -1.41833e-05 -5.5036e-07 
-1.62465e-05 3.08794e-05 -8.70154e-07 -1.18509e-05 3.16767e-06 -1.02656e-06 -3.51729e-06 -2.63562e-06 4.95237e-06 -1.05621e-06 6.53912e-07 4.99207e-06 -5.40697e-07 -2.47098e-06 3.39543e-07 -3.69632e-07 -7.72058e-07 9.19941e-07 -8.23022e-06 5.13361e-06 5.06396e-06 1.80158e-06 1.20016e-06 5.35206e-06 2.15355e-06 3.92268e-06 7.1987e-07 6.69907e-07 -5.28022e-06 -8.35995e-07 -3.78098e-06 2.67106e-06 1.09818e-05 3.6933e-06 1.46379e-06 -7.36754e-07 -1.6177e-06 -3.77808e-06 -3.99382e-06 -2.86497e-06 -4.57637e-06 -2.12222e-06 
1.92725e-06 1.58378e-05 1.95729e-05 -3.75993e-06 2.87603e-06 -6.752e-06 7.87808e-06 1.90419e-06 1.14831e-07 2.20161e-06 9.74795e-07 -7.88229e-06 -2.65873e-06 4.86978e-07 -7.57208e-06 1.61396e-07 1.18116e-06 2.72036e-06 -8.91429e-06 8.27484e-06 -1.89978e-06 7.89232e-06 3.13276e-06 3.20847e-06 4.51208e-06 -9.71386e-07 -1.35112e-07 1.06637e-06 -4.87343e-06 -6.57469e-06 8.74779e-06 8.21221e-06 1.3884e-06 1.11585e-05 1.98395e-06 -7.29208e-06 -1.07029e-05 -5.06996e-06 -8.87083e-06 -6.98894e-06 -1.07823e-05 -1.01872e-06 
3.75643e-06 -1.32251e-05 -3.9964e-06 -2.21198e-05 -2.29335e-05 -1.81834e-05 3.96515e-06 -1.99622e-06 -6.3952e-06 -2.2044e-06 6.10287e-06 -3.24808e-07 3.18608e-06 1.2188e-07 -3.9921e-06 -6.9993e-07 -1.88106e-06 2.11713e-06 -1.73364e-05 9.52424e-06 5.32401e-06 1.71583e-05 1.8215e-05 -1.83099e-06 1.35481e-05 4.96087e-06 -1.12902e-06 -3.60357e-06 -1.69401e-05 -9.97004e-06 1.86334e-05 1.33321e-05 -5.72525e-07 2.62613e-05 3.69976e-06 -1.07834e-05 -1.53012e-05 -1.40577e-05 -1.89515e-05 -2.4439e-05 -1.63462e-05 6.07435e-06 
5.30886e-06 -2.73422e-05 -9.09035e-06 -5.73174e-06 -1.35167e-05 2.2798e-06 9.61459e-06 1.47374e-06 5.04516e-06 5.19247e-06 1.50438e-05 -1.33158e-05 4.88347e-06 -7.98017e-06 -3.46585e-06 -3.33355e-06 -2.80325e-06 -3.50033e-06 -1.50123e-06 -5.00472e-06 -8.26017e-06 6.51298e-06 6.52825e-06 -3.96708e-06 9.91242e-06 7.4654e-06 1.66267e-07 6.27201e-06 -5.55278e-06 -2.26628e-06 6.97738e-06 8.28539e-06 5.84541e-06 1.17883e-05 9.27228e-06 -5.44632e-06 -8.70416e-06 -7.25443e-07 -6.15817e-06 -5.53052e-07 -1.37271e-05 5.01704e-06 
3.3052e-06 -2.53813e-05 -1.20742e-05 -8.59028e-06 -1.61633e-05 2.73523e-06 8.02378e-06 -2.59699e-06 -3.39446e-06 2.08062e-06 5.95571e-06 -6.16127e-06 5.75945e-06 -3.71015e-06 -1.94801e-06 3.66695e-07 2.28874e-06 -2.96707e-06 7.26799e-07 3.33891e-06 -5.27074e-07 6.38083e-06 -6.44646e-06 7.81222e-06 1.6421e-06 -1.47405e-07 5.9736e-07 -5.83041e-06 -2.30861e-06 -5.94742e-06 -4.13681e-06 8.05538e-06 2.75579e-06 9.79491e-06 7.59538e-06 -4.98369e-06 -1.12054e-05 -8.71891e-06 -5.75361e-06 -1.36826e-05 -5.6969e-06 -2.0265e-06 
7.98197e-06 -2.68986e-05 -3.80886e-06 -1.16989e-05 -1.73618e-05 -3.11222e-06 7.65056e-06 -6.66472e-06 -1.4876e-06 4.34618e-06 7.95987e-06 -5.63657e-06 4.53862e-06 6.21008e-06 4.87779e-06 6.76035e-06 1.60111e-06 3.0309e-07 -5.58152e-06 1.45232e-05 9.77242e-06 8.80125e-06 4.88625e-06 1.49661e-05 -4.64255e-06 -4.56264e-06 -9.40571e-07 -4.27293e-06 -6.21314e-06 -3.86947e-06 1.37062e-05 1.29151e-06 3.71817e-06 1.4608e-05 5.54321e-06 -3.87453e-06 -8.59576e-06 -3.21133e-06 -7.94225e-06 -3.85876e-06 -1.50248e-05 3.54729e-06 

!emery
3.04592e-06 2.30531e-05 1.08406e-05 -9.70714e-06 4.69396e-06 -1.38516e-05 -8.43409e-06 -3.59809e-07 -8.28082e-06 -8.5679e-06 5.77754e-06 -3.3842e-06 7.89932e-06 -1.39638e-06 -6.93623e-06 7.35705e-07 6.93886e-06 -2.53995e-06 4.59229e-06 -7.05243e-06 8.59175e-06 -1.15308e-05 3.7815e-08 8.08027e-07 -6.58446e-06 -1.50017e-06 8.93445e-07 -3.01326e-07 2.27583e-06 9.55978e-07 -2.2883e-06 -8.87008e-07 1.98326e-06 -1.96706e-06 -1.38628e-06 1.69563e-06 2.5134e-06 2.57732e-06 4.14106e-06 7.48237e-07 3.75428e-06 4.55684e-07 
2.68924e-06 2.09226e-05 9.17521e-06 -5.93122e-06 6.25718e-06 -1.1513e-05 -7.72018e-06 5.98519e-08 -6.95097e-06 -8.84465e-06 6.36047e-06 -2.59104e-06 7.27939e-06 -1.00665e-08 -7.70344e-06 2.47096e-06 6.21364e-06 -4.99593e-06 6.14436e-06 -8.88592e-06 7.74557e-06 1.10076e-06 -3.56122e-06 -9.86056e-07 -8.0674e-06 -2.79209e-07 8.56006e-07 7.36434e-07 5.2974e-06 2.21925e-06 -2.96275e-06 -4.62838e-06 3.47161e-06 -5.43409e-06 -1.40987e-06 3.27268e-06 4.89321e-06 3.4821e-06 7.29766e-06 2.76713e-06 7.01477e-06 2.28098e-07 

!josua
1.74424e-05 -1.59216e-06 2.03385e-05 5.95522e-06 6.17042e-06 1.13736e-05 8.82681e-08 3.51932e-07 -1.54638e-05 -1.05928e-06 -2.26107e-06 7.98746e-06 1.92363e-06 -1.3337e-06 5.73372e-06 4.26282e-06 1.21842e-06 -1.03181e-05 1.71968e-06 -6.54805e-06 2.29881e-06 -5.8773e-06 -2.39156e-06 1.41387e-05 5.33986e-06 6.81364e-06 1.11385e-06 1.48632e-06 4.94867e-06 1.29569e-06 7.05579e-07 -3.07714e-06 1.73095e-06 -6.35955e-06 -1.81635e-06 3.0294e-06 4.82101e-06 7.0832e-06 6.74409e-06 -1.0773e-06 6.19472e-06 1.15189e-06 
9.17182e-06 8.32293e-06 1.27678e-05 6.59806e-06 -7.13185e-07 9.70746e-06 -2.14066e-05 -3.19646e-06 7.51414e-06 1.36855e-05 2.73845e-06 -5.1835e-07 4.77615e-06 1.68454e-06 -2.44504e-06 7.25311e-06 3.61021e-06 -7.13223e-06 -1.08066e-06 -4.01229e-06 1.43254e-06 -4.18364e-06 2.07103e-06 2.14892e-07 -9.63172e-07 -1.84379e-06 7.39433e-07 -5.0073e-08 4.4216e-06 1.23376e-06 -4.78499e-06 -6.84431e-06 7.61418e-07 -4.19141e-06 1.09729e-06 2.10287e-06 3.58788e-06 1.96469e-06 2.44234e-06 5.90722e-07 4.54944e-06 -5.18976e-07 
1.66926e-05 7.42965e-06 2.06568e-05 6.47057e-06 -8.81557e-06 3.68355e-06 -1.57303e-05 -1.13763e-05 -2.70204e-06 1.10497e-05 1.11963e-05 6.6933e-06 3.52148e-06 -5.58911e-07 1.43344e-06 2.33482e-06 -4.83471e-06 8.73482e-07 -6.48032e-07 -1.62368e-06 4.51944e-06 -1.47644e-06 -1.96108e-08 3.11442e-06 -4.85432e-06 1.93654e-06 1.36745e-06 1.14031e-06 5.04427e-07 4.32672e-06 2.0041e-06 7.22188e-06 2.81952e-06 3.95349e-06 -1.53482e-06 3.77361e-06 -6.74359e-06 6.57199e-07 3.50179e-06 -1.49826e-06 1.81644e-06 -9.49323e-07 
1.53116e-05 -5.80442e-06 1.12139e-05 1.21297e-05 -5.77617e-06 1.36139e-05 -1.38194e-05 -6.6041e-06 -3.15321e-06 -8.65876e-06 1.79064e-06 7.94557e-06 -4.25499e-07 5.53169e-06 -3.69495e-06 -4.62146e-07 1.4413e-06 7.75394e-06 3.2508e-06 -7.00065e-06 3.65116e-06 -5.18496e-06 -7.42872e-06 -1.95649e-07 3.77845e-07 -2.35768e-07 7.76075e-07 2.9266e-06 4.85032e-06 2.23596e-06 -2.97639e-06 -7.02414e-06 8.59593e-07 -4.77716e-06 -1.23385e-06 4.50678e-06 4.92875e-06 1.76637e-06 4.964e-06 2.65959e-06 4.17438e-06 -1.39618e-06 
1.11072e-05 -1.94285e-06 1.2126e-05 -8.91075e-06 -5.88565e-06 1.19608e-05 -4.81534e-06 1.74991e-05 -1.3056e-05 4.84262e-06 1.09042e-06 -7.03985e-06 4.40866e-06 -2.49703e-08 4.44216e-06 -3.86024e-06 -2.87341e-06 3.2036e-06 -1.80319e-06 2.16712e-08 6.70336e-06 -1.86676e-06 2.92854e-07 -1.8484e-06 -1.74899e-06 -2.79455e-07 7.76588e-07 -1.39395e-06 2.10191e-06 1.55518e-06 4.37021e-07 -4.21641e-07 2.05546e-06 -2.38292e-06 1.04071e-06 8.53311e-07 6.58687e-07 -7.42347e-07 5.68154e-07 -8.39529e-07 8.33574e-07 -1.15476e-06 
1.67051e-05 -1.21899e-05 9.49694e-06 1.33242e-05 -3.7696e-06 -2.09833e-05 -6.64801e-07 -7.81162e-06 5.3735e-06 4.83145e-06 6.66187e-07 -7.42444e-06 -7.37768e-06 -5.95731e-06 1.53531e-05 -7.82803e-06 -1.21059e-06 4.55309e-06 -7.7961e-06 -6.44036e-06 1.17314e-06 2.53782e-06 2.08052e-06 4.10148e-06 1.05564e-06 -2.61054e-06 5.53662e-07 -2.93134e-06 -7.05536e-07 -2.40469e-06 2.3222e-06 -3.67707e-08 2.10976e-06 4.76191e-06 7.56489e-07 -2.2774e-06 -5.22532e-06 -2.60475e-06 -3.62915e-06 -6.79197e-06 -6.68315e-06 3.42918e-07 
2.11587e-05 -4.74591e-06 2.00554e-05 1.53979e-05 2.26489e-07 6.66178e-06 -1.06719e-05 -1.17165e-05 -3.28279e-06 8.16499e-06 7.66665e-06 7.15976e-06 -9.14896e-07 -1.08327e-06 6.61101e-06 5.17765e-06 -2.48927e-06 4.2072e-06 4.3198e-06 -1.82497e-06 2.85943e-07 -6.26972e-06 -5.72618e-06 -4.70039e-06 -9.65279e-06 2.65177e-06 1.68315e-06 1.89097e-06 5.34323e-06 4.21313e-07 -7.48352e-07 -1.75635e-06 4.38097e-06 -1.0013e-05 5.18166e-07 2.89098e-06 1.07165e-05 6.88855e-06 8.78991e-06 1.48836e-06 1.05816e-05 -3.05762e-06 
2.16346e-05 -7.99598e-06 2.30537e-05 9.47555e-06 6.12362e-06 7.66076e-06 4.48039e-06 -8.182e-06 -1.50487e-05 2.12171e-06 1.36362e-06 1.21277e-05 -2.47936e-06 -1.83462e-06 6.0677e-06 7.13371e-06 1.76715e-06 -4.85611e-06 5.17715e-06 -1.2388e-06 3.10706e-06 -5.16189e-06 -8.36515e-08 -6.23292e-06 -3.03605e-06 -2.66021e-06 -9.75133e-06 1.25765e-06 4.20476e-06 2.03819e-06 -6.04368e-06 -4.01097e-06 2.63104e-06 -3.40479e-06 4.66226e-07 3.23508e-06 2.61057e-06 3.91092e-07 3.19959e-06 1.90773e-06 3.43931e-06 -2.27174e-06 
2.07079e-05 -7.1869e-06 2.23461e-05 8.67235e-06 6.58668e-06 8.44795e-06 4.06179e-06 -7.70484e-06 -1.47679e-05 7.05202e-07 3.19212e-07 1.21628e-05 -1.87075e-06 -2.3778e-06 5.73082e-06 7.97553e-06 2.20018e-06 -5.35327e-06 6.37727e-06 -4.55223e-07 3.43606e-06 -5.19991e-06 2.82137e-08 -5.59223e-06 -4.30442e-06 -2.86464e-06 1.06751e-05 2.02632e-06 4.0338e-06 2.75722e-06 -7.70492e-06 -4.67809e-06 -3.34271e-08 -3.56574e-06 -9.33805e-07 3.54553e-06 4.80459e-06 8.68835e-07 3.5617e-06 2.33448e-06 2.23641e-06 -6.07832e-07 

!melvin
1.56708e-06 9.17268e-06 -5.64922e-06 1.12544e-05 2.84221e-05 6.31832e-06 -1.92001e-05 2.78433e-07 -7.79834e-06 4.88455e-06 9.11126e-06 5.06027e-06 2.54125e-06 -1.06817e-05 5.90672e-06 8.86477e-06 1.25416e-06 4.02259e-07 1.0033e-05 -3.58755e-06 4.89645e-06 -7.57592e-06 -1.03082e-05 -2.38573e-06 -5.22566e-06 1.10649e-05 1.62155e-06 -1.42136e-07 5.77019e-06 3.05183e-06 1.18357e-06 -1.2184e-05 7.99396e-07 -7.4327e-06 -1.14772e-06 7.22518e-06 3.3031e-06 1.8948e-06 2.19012e-06 3.62932e-06 7.89702e-06 -4.45946e-06 
-4.45515e-06 1.55641e-05 -1.02105e-05 5.10155e-06 1.91097e-05 1.0265e-05 -2.4957e-05 1.99804e-06 -8.02499e-06 8.11883e-06 -1.01976e-06 9.83048e-06 5.082e-07 -4.92718e-06 4.79584e-06 7.95979e-06 8.37806e-06 7.88185e-06 1.36738e-05 -5.46318e-06 4.0634e-06 -5.6983e-06 -1.96825e-06 -2.72869e-07 2.30783e-06 -6.58652e-06 9.01407e-07 -3.04518e-06 5.32662e-06 3.23787e-06 -2.48464e-06 -1.34248e-07 3.28181e-06 -6.56279e-06 -1.87998e-06 2.59417e-06 6.29546e-06 5.37526e-06 8.29259e-06 8.19898e-07 3.53737e-06 5.72487e-09 
9.86662e-06 -1.61057e-05 -5.54544e-06 1.78183e-05 -4.4173e-06 -1.81137e-06 -2.5881e-06 -6.29347e-06 -6.30667e-06 5.82199e-06 -9.96062e-06 1.9043e-06 7.49286e-06 -1.68968e-05 -8.44407e-06 -2.43595e-06 -3.41077e-07 -9.62573e-07 -6.3773e-06 3.75044e-06 7.17279e-06 8.18454e-07 7.1788e-08 1.11547e-06 3.53283e-07 -6.31365e-07 2.49376e-07 1.58176e-06 1.11914e-07 -1.12642e-06 2.93306e-06 1.58999e-06 1.25357e-06 2.39028e-06 2.66416e-06 -1.97349e-07 -1.54291e-06 -1.83893e-06 6.78378e-07 -1.68184e-06 -2.61432e-06 -5.17871e-07 
8.9313e-06 -8.5185e-06 -8.71139e-06 1.4485e-05 6.94986e-06 4.85563e-06 -1.6399e-05 1.03792e-05 -1.31907e-05 -3.21604e-06 1.39315e-05 3.29932e-06 -1.46952e-05 -6.62323e-06 -7.59395e-06 3.25725e-06 -1.219e-05 -2.83723e-06 -9.47275e-07 -5.62795e-07 -1.89326e-06 -2.57227e-06 1.19777e-06 4.54652e-06 -5.07049e-06 -3.0351e-06 3.42632e-07 -8.70425e-07 2.76833e-06 8.03262e-08 -3.61836e-06 -2.38732e-06 1.73719e-06 -1.34442e-06 -2.60859e-06 1.85488e-06 2.30192e-06 6.79954e-07 2.75037e-06 -2.79864e-07 1.6866e-06 2.20555e-06 
8.29475e-06 -2.2731e-06 -6.87035e-06 1.9279e-05 3.55129e-07 1.06581e-06 -2.24886e-05 1.15218e-05 -7.01825e-06 -4.89383e-06 -4.49314e-06 5.94595e-06 -5.94791e-06 7.18395e-06 7.81507e-06 -2.87096e-06 1.06946e-05 -1.12632e-05 -2.73361e-06 1.5163e-06 1.1562e-06 -1.58e-06 -4.73397e-06 -2.0986e-06 -4.87989e-06 5.76918e-07 7.40631e-07 5.22603e-06 1.07562e-06 4.38107e-07 1.63055e-06 2.05597e-06 2.15225e-06 1.19821e-07 4.56524e-06 1.72443e-06 -4.88287e-07 1.13449e-06 1.5266e-06 -1.33156e-06 2.46226e-07 -3.74752e-07 
9.81902e-06 -1.61813e-05 -8.36273e-07 1.172e-05 -3.19939e-06 -1.53761e-05 7.55814e-06 3.9384e-06 -6.35037e-06 1.70462e-05 6.19986e-06 3.22324e-06 -3.31838e-06 1.06751e-05 -9.38976e-06 -6.11603e-06 1.7409e-06 2.15276e-06 -3.09766e-06 4.74892e-06 5.25767e-06 4.39791e-06 4.24831e-06 3.24114e-06 4.01575e-06 5.26106e-06 2.42945e-07 -3.50671e-06 -3.39963e-06 -2.5686e-06 2.58591e-06 4.31921e-06 1.85943e-06 6.53442e-06 4.38553e-06 -3.79998e-06 -6.06902e-06 -3.67082e-06 -4.89849e-06 -4.58929e-06 -7.12049e-06 4.90296e-07 
8.20184e-06 -1.87133e-05 -1.87159e-06 5.04658e-06 9.96504e-06 1.20619e-05 -1.33659e-06 -1.02256e-05 -3.56189e-06 -2.94866e-06 1.08942e-05 -3.65357e-06 -1.31248e-06 -2.8154e-06 -5.63063e-07 -3.99601e-06 1.15033e-05 2.66239e-06 -6.01361e-06 1.7079e-06 2.68457e-06 4.13834e-07 6.06644e-06 1.94076e-06 -3.2029e-06 4.36418e-06 1.99513e-07 -2.55444e-06 5.63831e-07 -8.96937e-07 -3.31862e-07 2.63756e-06 6.48016e-07 1.66551e-06 2.33419e-08 -5.76466e-07 -1.36261e-06 -4.43779e-07 -2.07093e-07 -2.44992e-06 -1.8854e-06 -2.76689e-07 
9.7269e-06 -1.75976e-05 -4.61915e-07 1.13083e-05 1.66872e-05 1.32629e-06 -3.72253e-07 -3.35863e-06 -3.84148e-06 2.92708e-06 1.27112e-05 -4.28094e-06 2.7846e-06 2.9322e-06 2.656e-06 2.51908e-06 -2.0568e-06 -3.66435e-06 -5.80399e-06 -1.5371e-06 1.204e-05 1.29329e-06 -3.14748e-06 9.34075e-09 4.65283e-06 -3.68343e-06 4.22144e-07 3.22348e-06 -1.56971e-06 -7.0151e-07 2.35129e-07 2.75004e-06 1.53343e-06 2.66184e-06 2.60966e-07 -1.49288e-06 -2.01462e-06 -8.08858e-07 -6.93674e-07 -2.21118e-06 -1.32935e-06 -3.7894e-07 

!laurine
2.06572e-05 -2.50301e-05 8.08728e-06 -1.90137e-06 -4.50954e-07 -4.54175e-06 -1.2698e-05 -9.85866e-07 6.31051e-09 -1.14644e-06 2.20493e-06 -5.00758e-06 1.60102e-06 5.72362e-07 1.29233e-06 5.09781e-06 -2.10636e-06 -4.26654e-07 1.54896e-06 5.40109e-06 3.65514e-06 -1.21043e-06 -1.09996e-06 6.4474e-07 9.04394e-08 5.63818e-06 -3.01835e-07 2.79619e-06 9.94858e-07 9.39603e-07 -3.07916e-06 3.25973e-07 -8.66758e-07 2.12347e-07 -1.32888e-06 -1.46662e-06 1.59072e-06 2.75104e-07 3.73432e-06 -3.18538e-06 -3.22232e-06 -2.99701e-06 
1.67505e-05 -2.74834e-05 9.83472e-06 -8.43536e-06 9.86159e-06 -1.91903e-06 -2.94964e-06 7.28471e-07 -2.55118e-06 3.01377e-06 -2.41045e-06 4.06129e-06 3.1112e-06 2.89592e-07 -4.21753e-07 -1.17286e-06 3.83174e-07 1.65016e-06 -5.11548e-06 8.87134e-07 7.12071e-07 3.45361e-06 2.19476e-06 1.98194e-06 -1.15225e-06 2.28084e-06 9.75126e-08 1.25413e-06 -1.86272e-06 4.11066e-07 2.13229e-06 4.11435e-07 2.88361e-06 4.66861e-06 4.13413e-08 -7.09822e-06 -6.5052e-06 -5.20203e-06 -1.17082e-06 -3.52443e-06 -3.91545e-06 4.54831e-06 
1.38827e-05 -2.3816e-05 1.39874e-06 -4.78803e-08 4.04549e-06 2.44611e-07 -7.69217e-06 -3.03697e-06 -1.25737e-06 8.30738e-07 -1.19606e-06 -3.11207e-07 -7.30859e-07 2.81544e-07 1.1727e-06 3.48852e-06 1.23173e-06 1.99705e-06 3.0197e-06 -8.8899e-07 1.20348e-06 -3.19017e-06 -1.25342e-06 2.59605e-06 -1.0916e-06 -5.29662e-07 4.5658e-07 3.37208e-06 3.30057e-06 1.94377e-06 -1.80672e-06 1.00579e-06 3.46225e-07 -3.68823e-06 -6.43424e-09 2.70259e-06 3.63397e-06 -9.385e-07 -1.63735e-07 2.98109e-06 4.7453e-06 1.01411e-06 
1.66907e-05 -2.5855e-05 9.9313e-06 -1.22199e-05 6.78149e-06 4.14932e-07 -6.72433e-06 -2.70823e-06 -1.81003e-06 3.55389e-06 -2.25739e-07 1.01425e-06 -2.14922e-07 -5.2847e-07 -1.64026e-06 2.38968e-07 -3.9026e-07 1.89917e-06 -1.36864e-06 2.24123e-06 4.66979e-06 -1.77089e-07 -1.5121e-06 -1.14896e-06 -1.10714e-06 7.34158e-07 2.70457e-07 1.31694e-06 -7.63468e-07 -4.10056e-06 -2.04552e-06 1.99886e-07 1.64755e-06 -2.10159e-07 1.79164e-06 3.95725e-06 -3.36897e-06 4.55285e-06 -3.33352e-07 -3.47262e-06 -1.78339e-06 5.72628e-06 
1.11018e-05 -2.40761e-05 -3.29711e-06 -3.45018e-06 3.79912e-06 4.02367e-07 -4.81436e-06 -5.32367e-07 -7.64846e-06 -4.81561e-08 -1.63425e-06 -1.53455e-06 -5.43274e-06 8.30614e-07 8.59819e-08 8.68677e-06 2.50712e-06 2.84437e-06 -1.63691e-06 -2.33871e-06 1.04378e-06 -3.62297e-06 2.7381e-07 -1.00707e-06 2.96471e-07 -4.2574e-07 1.3136e-06 4.91883e-07 2.53809e-06 1.86008e-06 -1.26038e-06 -4.23614e-06 2.93998e-06 -2.29711e-06 2.68503e-06 3.03983e-06 1.06926e-06 2.70013e-06 5.63892e-06 1.23335e-06 5.15147e-06 -3.69245e-06 
1.4852e-05 -2.06448e-05 1.04658e-05 -1.79498e-05 -2.40122e-06 -8.3619e-07 -7.04821e-06 -6.97264e-06 8.63756e-08 3.53205e-06 4.90742e-06 4.59283e-08 -7.08801e-06 -3.08128e-06 -1.10244e-06 -5.21116e-06 2.60878e-06 -6.49998e-06 -2.19487e-06 5.28554e-06 2.00068e-06 7.65124e-08 -4.58106e-06 -1.65077e-06 5.03298e-06 -5.79978e-07 5.91378e-07 -6.17691e-06 -6.23544e-08 -3.22156e-07 3.15517e-06 9.31249e-07 1.71388e-06 1.67747e-06 -1.84678e-06 -6.35876e-07 -1.09158e-06 -2.20029e-06 9.43122e-07 1.19868e-06 -4.87947e-07 5.46066e-07 
1.6383e-05 -2.66512e-05 1.29916e-05 -1.67136e-05 6.7058e-06 -5.83797e-06 -2.47555e-07 -4.44613e-06 -2.72564e-06 1.42197e-06 1.68583e-07 9.0333e-08 -2.67239e-06 -1.34908e-06 -7.19981e-06 -3.23292e-06 -2.08085e-06 -2.94106e-06 -7.04369e-06 2.74468e-07 3.40987e-06 6.29598e-06 2.77927e-06 2.36599e-06 1.16735e-06 8.17928e-07 -1.72418e-07 -3.00925e-06 -2.09053e-06 1.22404e-06 5.45169e-06 6.73796e-06 2.41641e-06 9.16129e-06 5.27415e-06 -3.28673e-06 -5.74317e-06 4.12666e-08 -9.14882e-06 -9.17974e-06 -9.66697e-06 -2.59647e-06 
1.12678e-05 -2.41942e-05 8.51445e-06 -1.86626e-05 1.00111e-05 1.19571e-06 -3.3697e-06 3.46896e-07 2.3963e-07 7.43728e-06 -2.92084e-06 1.93776e-06 -1.59199e-06 1.78897e-06 -1.44279e-06 -2.73964e-06 -3.53072e-06 -2.40704e-06 -4.3509e-06 -6.16733e-06 4.56751e-06 4.59233e-06 4.62741e-06 4.52928e-06 -1.59645e-06 2.29193e-06 -2.63658e-08 -1.49615e-06 -5.01622e-06 -7.70969e-06 4.7914e-06 6.38382e-06 -2.74125e-07 8.27631e-06 4.19186e-06 -1.83106e-06 -4.50037e-06 -7.63109e-06 -1.9025e-06 -2.08012e-06 -7.85464e-06 -4.14435e-06 
1.66707e-05 -2.36354e-05 7.92214e-06 3.24815e-06 9.0214e-06 -6.81154e-06 -2.20936e-06 6.1607e-06 2.90544e-06 -5.38705e-06 6.15209e-06 6.14304e-06 1.35936e-05 1.52467e-06 9.43448e-07 -1.90226e-06 -2.34924e-06 1.19561e-06 -5.69935e-06 4.75921e-06 -3.46108e-06 1.85351e-06 2.64423e-06 1.47344e-06 2.84348e-06 -1.47513e-06 3.51729e-07 -4.37342e-06 -8.2466e-07 -1.69216e-06 1.61898e-06 2.69478e-06 7.48074e-07 3.50415e-06 3.12102e-06 7.61087e-08 -3.1109e-06 -9.10087e-07 -1.6698e-06 -1.54166e-06 -2.91304e-06 -1.64662e-06 

!malika
1.15965e-05 4.19321e-06 2.33516e-05 -6.89994e-06 -5.19839e-06 -1.9724e-05 8.88897e-06 -1.21123e-05 -1.09405e-05 1.64558e-06 1.08749e-06 -1.89418e-05 -5.84341e-07 1.35829e-06 -1.01054e-05 -5.21206e-06 -1.64188e-06 3.63117e-07 -1.95152e-05 1.18167e-05 -2.86228e-06 2.03836e-05 1.16862e-05 9.58049e-06 1.04214e-05 9.72153e-07 -1.7006e-06 -8.36114e-06 -2.33655e-05 -4.7986e-06 1.32022e-05 1.76351e-05 -2.95036e-06 1.96788e-05 1.20427e-05 -9.72293e-06 -2.41554e-05 -1.5408e-05 -1.74841e-05 -1.53842e-05 -2.64423e-05 1.98553e-06 
1.51895e-05 -2.46026e-05 -1.21415e-06 1.88467e-05 1.55694e-06 4.87632e-06 -7.17719e-06 -1.04589e-06 -7.12169e-06 2.04315e-06 -1.20436e-05 -5.57573e-06 4.12648e-06 5.68047e-06 2.39526e-07 5.54937e-06 -2.11179e-07 -1.58215e-06 -3.00142e-07 -3.30398e-06 1.31901e-06 -8.02642e-07 -1.03033e-06 -1.8552e-06 -1.4902e-06 3.51139e-06 5.34471e-07 -5.25503e-06 1.21935e-06 -3.43405e-07 -2.85587e-06 1.16936e-06 3.74045e-06 7.92724e-07 -9.73608e-06 2.63713e-06 -9.71492e-08 3.41437e-06 -5.43414e-07 1.89752e-06 9.57444e-07 -1.45545e-06 
-4.30452e-06 4.68812e-06 -7.08091e-06 -1.1191e-05 5.27105e-06 -4.4496e-06 -9.21605e-06 -1.88753e-05 -1.86145e-05 3.78534e-06 1.28506e-06 -4.92686e-06 5.56874e-06 5.42887e-06 5.48109e-07 -9.49511e-06 -4.70376e-06 -1.92963e-06 -1.76246e-06 5.36163e-06 -1.12645e-06 3.51146e-06 5.52072e-06 2.5463e-06 2.98347e-06 -6.97169e-07 3.85534e-07 2.51319e-06 -1.32037e-06 -3.29001e-06 2.61209e-06 1.49326e-06 2.57547e-06 5.58474e-06 2.15143e-06 -2.67245e-06 -5.36833e-06 -1.97181e-06 -3.6453e-06 -3.93568e-06 -4.72693e-06 -1.98496e-06 
-5.74189e-07 9.09023e-06 4.94266e-06 -8.83794e-06 -3.44973e-07 -1.40003e-05 1.60227e-06 -1.43604e-05 -1.65382e-05 2.65025e-06 2.81172e-06 -9.11687e-06 4.99687e-06 5.62207e-06 -4.23691e-06 4.32323e-06 -4.97688e-06 5.35647e-07 -2.05037e-05 4.65077e-06 2.35399e-08 1.07496e-05 1.16507e-06 2.32693e-06 4.7453e-06 5.23852e-06 -5.36671e-07 -1.00787e-05 -7.2662e-06 -6.974e-06 9.56109e-06 1.35302e-05 2.7693e-06 1.69364e-05 1.12304e-05 -9.97829e-06 -1.18924e-05 -1.06936e-05 -1.1436e-05 -9.81951e-06 -1.8186e-05 7.39213e-06 

